converged SCF energy = -1.07204564790419
[[-0.65252034 -0.79929995 -0.31910508 -0.49461286]
 [-0.79929995 -0.85312261 -0.49461286 -0.67519545]
 [-0.31910508 -0.49461286 -0.65252034 -0.79929995]
 [-0.49461286 -0.67519545 -0.79929995 -0.85312261]]
(4, 4)
FCI -1.107690736460761
[[[[ 0.          0.        ]
   [ 0.         -0.65252034]]

  [[ 0.          0.        ]
   [ 0.          0.        ]]

  [[ 0.          0.        ]
   [ 0.79929995  0.        ]]

  [[ 0.          0.        ]
   [ 0.31910508  0.        ]]

  [[ 0.          0.        ]
   [ 0.49461286  0.        ]]

  [[ 0.          0.        ]
   [ 0.          0.        ]]

  [[ 0.          0.79929995]
   [ 0.          0.        ]]

  [[ 0.          0.31910508]
   [ 0.          0.        ]]

  [[ 0.          0.49461286]
   [ 0.          0.        ]]

  [[ 1.          0.        ]
   [ 0.          1.        ]]]]
2
3
2
3
3
3
[[ 0.          0.        ]
 [ 0.         -0.65252034]
 [ 0.          0.        ]
 [ 0.          0.        ]
 [ 0.          0.        ]
 [ 0.79929995  0.        ]
 [ 0.          0.        ]
 [ 0.31910508  0.        ]
 [ 0.          0.        ]
 [ 0.49461286  0.        ]
 [ 0.          0.        ]
 [ 0.          0.        ]
 [ 0.          0.79929995]
 [ 0.          0.        ]
 [ 0.          0.31910508]
 [ 0.          0.        ]
 [ 0.          0.49461286]
 [ 0.          0.        ]
 [ 1.          0.        ]
 [ 0.          1.        ]]




[[ 1.          0.          0.          0.          0.          0.          0.          0.          0.          0.          0.          0.          0.          0.          0.          0.          0.          0.          0.          0.        ]
 [ 0.          1.          0.          0.          0.          0.          0.          0.          0.          0.          0.          0.          0.          0.          0.          0.          0.          0.          0.          0.        ]
 [ 0.          0.          0.          0.          0.          0.          0.          0.          0.          0.          0.          0.          0.          0.          0.          0.          0.          0.          0.          0.        ]
 [ 0.          0.          0.          0.          0.          0.          0.          0.          0.          0.          0.          0.          0.          0.          0.          0.          0.          0.          0.          0.        ]
 [ 0.          1.          0.          0.          0.          0.          0.          0.          0.          0.          0.          0.          0.          0.          0.          0.          0.          0.          0.          0.        ]
 [ 0.          0.          0.          0.          0.          0.          0.          0.          0.          0.          0.          0.          0.          0.          0.          0.          0.          0.          0.          0.        ]
 [ 0.          0.          0.          0.          0.          0.          1.          0.          0.          0.          0.          0.          0.          0.          0.          0.          0.          0.          0.          0.        ]
 [ 0.          0.          0.          0.          0.          0.          0.         -1.          0.          0.          0.          0.          0.          0.          0.          0.          0.          0.          0.          0.        ]
 [ 0.          0.          0.          0.          0.          0.          0.          0.          1.          0.          0.          0.          0.          0.          0.          0.          0.          0.          0.          0.        ]
 [ 0.          0.          0.          0.          0.          0.          0.          0.          0.         -1.          0.          0.          0.          0.          0.          0.          0.          0.          0.          0.        ]
 [ 0.          0.          0.          0.          0.          0.          0.          0.          0.          0.          0.          0.          0.          0.          0.          0.          0.          0.          0.          0.        ]
 [ 0.          0.          0.          0.          0.          0.          0.          0.          0.          0.          0.          0.          0.          0.          0.          0.          0.          0.          0.          0.        ]
 [ 0.          0.          0.          0.          0.          0.          0.          0.          0.          0.          0.          0.          0.          0.          0.          0.          0.          0.          0.          0.        ]
 [ 1.          0.          0.          0.          0.          0.          0.          0.          0.          0.          0.          0.          0.          0.          0.          0.          0.          0.          0.          0.        ]
 [ 0.          0.          0.          0.          0.          0.          0.          0.          0.          0.          0.          0.          0.          0.          1.          0.          0.          0.          0.          0.        ]
 [ 0.          0.          0.          0.          0.          0.          0.          0.          0.          0.          0.          0.          0.          0.          0.         -1.          0.          0.          0.          0.        ]
 [ 0.          0.          0.          0.          0.          0.          0.          0.          0.          0.          0.          0.          0.          0.          0.          0.          1.          0.          0.          0.        ]
 [ 0.          0.          0.          0.          0.          0.          0.          0.          0.          0.          0.          0.          0.          0.          0.          0.          0.         -1.          0.          0.        ]
 [-0.         -0.          0.          0.          0.          0.          0.          0.          0.          0.          0.          0.          0.          0.          0.          0.49461286  0.          0.67519545  1.          0.        ]
 [-0.         -0.85312261  0.          0.          0.          0.          0.49461286  0.          0.67519545  0.          0.          0.          0.          0.          0.          0.          0.          0.          0.          1.        ]]




[[ 1.          0.          0.          0.          0.          0.          0.          0.          0.          0.          0.          0.          0.          0.          0.          0.          0.          0.          0.          0.        ]
 [ 0.          1.          0.          0.          0.          0.          0.          0.          0.          0.          0.          0.          0.          0.          0.          0.          0.          0.          0.          0.        ]
 [ 0.          0.          0.          0.          0.          0.          0.          0.          0.          0.          0.          0.          0.          0.          0.          0.          0.          0.          0.          0.        ]
 [ 0.          0.          0.          0.          0.          0.          0.          0.          0.          0.          0.          0.          0.          0.          0.          0.          0.          0.          0.          0.        ]
 [ 0.          0.          0.          0.          0.          0.          0.          0.          0.          0.          0.          0.          0.          0.          0.          0.          0.          0.          0.          0.        ]
 [ 0.          0.          0.          0.          0.          0.          0.          0.          0.          0.          0.          0.          0.          0.          0.          0.          0.          0.          0.          0.        ]
 [ 0.          1.          0.          0.          0.          0.          0.          0.          0.          0.          0.          0.          0.          0.          0.          0.          0.          0.          0.          0.        ]
 [ 0.          0.          0.          0.          0.          0.          0.          0.          0.          0.          0.          0.          0.          0.          0.          0.          0.          0.          0.          0.        ]
 [ 0.          0.          0.          0.          0.          0.          0.          0.          1.          0.          0.          0.          0.          0.          0.          0.          0.          0.          0.          0.        ]
 [ 0.          0.          0.          0.          0.          0.          0.          0.          0.         -1.          0.          0.          0.          0.          0.          0.          0.          0.          0.          0.        ]
 [ 0.          0.          0.          0.          0.          0.          0.          0.          0.          0.          0.          0.          0.          0.          0.          0.          0.          0.          0.          0.        ]
 [ 0.          0.          0.          0.          0.          0.          0.          0.          0.          0.          0.          0.          0.          0.          0.          0.          0.          0.          0.          0.        ]
 [ 0.          0.          0.          0.          0.          0.          0.          0.          0.          0.          0.          0.          0.          0.          0.          0.          0.          0.          0.          0.        ]
 [ 0.          0.          0.          0.          0.          0.          0.          0.          0.          0.          0.          0.          0.          0.          0.          0.          0.          0.          0.          0.        ]
 [ 0.          0.          0.          0.          0.          0.          0.          0.          0.          0.          0.          0.          0.          0.          0.          0.          0.          0.          0.          0.        ]
 [ 1.          0.          0.          0.          0.          0.          0.          0.          0.          0.          0.          0.          0.          0.          0.          0.          0.          0.          0.          0.        ]
 [ 0.          0.          0.          0.          0.          0.          0.          0.          0.          0.          0.          0.          0.          0.          0.          0.          1.          0.          0.          0.        ]
 [ 0.          0.          0.          0.          0.          0.          0.          0.          0.          0.          0.          0.          0.          0.          0.          0.          0.         -1.          0.          0.        ]
 [-0.         -0.          0.          0.          0.          0.          0.          0.          0.          0.          0.          0.          0.          0.          0.          0.          0.          0.79929995  1.          0.        ]
 [-0.         -0.65252034  0.          0.          0.          0.          0.          0.          0.79929995  0.          0.          0.          0.          0.          0.          0.          0.          0.          0.          1.        ]]




[[ 1.          0.        ]
 [ 0.          1.        ]
 [ 0.          0.        ]
 [ 0.          0.        ]
 [ 0.          0.        ]
 [ 0.          0.        ]
 [ 0.          0.        ]
 [ 0.          0.        ]
 [ 0.          1.        ]
 [ 0.          0.        ]
 [ 0.          0.        ]
 [ 0.          0.        ]
 [ 0.          0.        ]
 [ 0.          0.        ]
 [ 0.          0.        ]
 [ 0.          0.        ]
 [ 0.          0.        ]
 [ 1.          0.        ]
 [ 0.          0.        ]
 [ 0.         -0.85312261]]




1.0000000000000007
[-4.051861]
[-4.051861]
[-4.051861]
[-4.051861]
[-4.051861]
[-4.051861]
[-4.051861]
[-4.051861]
[-4.051861]
[-4.051861]
constructed Hfull
-4.051860998365631
